0.01 4.80659087066499
0.02 1.96457328944482
0.03 5.27853662672468
0.04 4.54156361777782
0.05 2.49721386306946
0.06 1.67718447220559
0.07 1.59291804537304
0.08 3.39384181292569
0.09 1.57729309647272
0.1 3.01084267478758
0.11 3.37099914976715
0.12 1.64397706255969
0.13 5.07844786430214
0.14 2.79542418639051
0.15 9.18733096404682
0.16 2.92082237960441
0.17 -0.921705087869514
0.18 -3.73374340526092
0.19 -2.57042513719994
0.2 0.946493342816401
0.21 3.61671344442381
0.22 -0.766089304080989
0.23 0.974137332327254
0.24 0.647869985567299
0.25 1.62671951938237
0.26 -0.601271648652236
0.27 1.93196649866508
0.28 -0.148316992309751
0.29 -1.31756831801699
0.3 -1.20138513015392
0.31 -1.14695842040768
0.32 8.43319719759275
0.33 -0.147094311116113
0.34 -0.980880018121539
0.35 1.09316232678463
0.36 -0.599848604588342
0.37 0.458244762095298
0.38 -1.8667217772843
0.39 -0.831169952220792
0.4 4.62438277514803
0.41 2.59145489675694
0.42 5.64994940670715
0.43 4.05869711581679
0.44 3.05882154023327
0.45 1.61564943459274
0.46 2.488791310865
0.47 5.55504052256495
0.48 6.28968574528906
0.49 9.07974722003331
0.5 5.21263282045732
0.51 7.75530490392753
0.52 5.80603282415358
0.53 7.48664064292599
0.54 7.81802712772021
0.55 5.87706056285645
0.56 4.79152879448886
0.57 3.90123031474286
0.58 3.70380479878238
0.59 7.35532456338437
0.6 7.62147572892343
0.61 9.14414601859033
0.62 6.23181050940095
0.63 8.55309743503786
0.64 8.80059545850201
0.65 8.20658127879549
0.66 7.10778959833704
0.67 7.71841956913744
0.68 8.69951004179478
0.69 9.68517091049514
0.7 10.0705763291292
0.71 8.41070362590007
0.72 2.51145768959579
0.73 10.0017926924166
0.74 8.48580180017736
0.75 6.13334711343118
0.76 7.17538398546371
0.77 8.74846267640467
0.78 9.85857461994748
0.79 6.3905103207599
0.8 4.20258458291945
0.81 9.53036862086944
0.82 7.83401235783983
0.83 7.05034905457055
0.84 9.17864929028791
0.85 9.0189977860416
0.86 4.41304139245554
0.87 8.57863905603727
0.88 3.98314194460659
0.89 6.37204620920215
0.9 7.82111597579131
0.91 9.0254496619976
0.92 3.52367650717095
0.93 8.02851715295695
0.94 7.01083266581476
0.95 6.83242210656468
0.96 7.37812100589764
0.97 6.82400840086556
0.98 9.24371687054844
0.99 8.8383132674
1 6.82254805380829
1.01 10.6342455314317
1.02 11.1738690130484
1.03 8.93884026224894
1.04 10.6473847462156
1.05 13.2908083007148
1.06 10.4518948343978
1.07 10.3589455369752
1.08 9.53670751336545
1.09 10.5065236032608
1.1 12.6032855418495
1.11 11.3934401925374
1.12 13.5625008036273
1.13 18.5363263985637
1.14 10.3291939493247
1.15 14.8027562499833
1.16 16.408225830081
1.17 15.1837192585146
1.18 14.0649645815938
1.19 18.6408078220727
1.2 17.8214589986799
1.21 17.1043921769035
1.22 15.4909628425413
1.23 16.2017596030811
1.24 21.2527894188361
1.25 19.7332144614182
1.26 19.1424819534877
1.27 20.1713005618089
1.28 17.8521323985403
1.29 19.2603122600242
1.3 17.5462838368631
1.31 17.7120939653529
1.32 18.365014086296
1.33 19.7787220064663
1.34 18.58193651931
1.35 18.5496574649759
1.36 22.1023820180076
1.37 19.944984812264
1.38 16.3721831910079
1.39 22.5179584940176
1.4 17.4606649773827
1.41 20.0836319857756
1.42 17.9935747494834
1.43 19.9566299057106
1.44 18.1813432620935
1.45 18.9619556749194
1.46 19.7900668692163
1.47 20.737761227793
1.48 20.4449843745431
1.49 19.6472945964045
1.5 20.6538303064941
1.51 20.7995438582874
1.52 18.4736923197849
1.53 21.2917942244584
1.54 18.9397704912634
1.55 20.7796332222675
1.56 22.9477802174125
1.57 20.24445137486
1.58 23.2249529021744
1.59 22.7169974433853
1.6 18.6861769099029
1.61 26.3384326951295
1.62 22.5328839009235
1.63 27.3530073602777
1.64 27.0033208623977
1.65 24.9252631566807
1.66 22.8805498934967
1.67 25.1283173706814
1.68 25.9325132680731
1.69 30.2407358984138
1.7 27.4093100230534
1.71 25.1543079496687
1.72 26.546293742411
1.73 28.1347303406331
1.74 34.8633901266301
1.75 30.9821317381877
1.76 29.215973006612
1.77 30.9811149359359
1.78 29.1985179568095
1.79 30.4623660765183
1.8 30.7852229151386
1.81 35.4843224887075
1.82 32.2302386206346
1.83 33.9177278207139
1.84 33.9661744442334
1.85 37.4176875696489
1.86 32.6044371766445
1.87 39.8855173981618
1.88 37.6529108661556
1.89 37.5234691390483
1.9 37.4504515445354
1.91 39.8214812432489
1.92 35.0011686630195
1.93 38.8003854744991
1.94 34.3489694450494
1.95 36.9918815347356
1.96 33.4640058249997
1.97 37.8004123368082
1.98 39.1646328418994
1.99 37.3334339365298
2 37.0805926475383
